-2.25
-2.25
-2.25
-2.25
-2.25
-2.25
-0.25
-0.25
-0.25
-0.25
-0.25
-0.25
-0.25
-0.25
-0.25
-0.25
0.25
-0.25
0.25
-0.25
0.25
-0.25
0.25
-0.25
0.25
-0.25
-0.25
0.25
-0.25
0.25
-0.25
-0.25
0.25
-0.25
0.25
-0.25
-0.75
-2.
-2.
-2.
-2.
-2.
-2.
-2.
-2.
0.25
-1.
0.25
-1.
0.25
0.25
-2.
-2.
-2.
-2.
-2.
-0.75
2.
2.
2.
2.
2.
2.
2.
2.
2.
0.5
0.5
0.5
0.5
0.5
0.5
0.5
0.5
0.5
2.
1.
2.
1.
2.
1.
0.5
-0.5
0.5
-0.5
0.5
-0.5
2.
1.
2.
1.
1.5
2.
1.
2.
1.
1.5
2.
1.
2.
1.
1.5
0.5
-0.5
0.5
-0.5
0.5
0.5
-0.5
0.5
-0.5
0.5
0.5
-0.5
0.5
-0.5
0.5
-1.25
-1.
-1.25
-1.25
-1.
-1.25
-1.25
-1.
-1.25